1 Tia Toomey AUS 30 163	58 women 951 1 100 38.06 1 100 13.15 7 82 3.15
2 Gabriela Migala POL 25 170 75 women 800 12 67 42.41 4 91 13.58 6 85 3.15
3 Emily Rolfe CAN 34 170 68.55 women 770 3 94 40.21 6 85 15.05 5 88 3.14
4 Bethany Flores US 30 162.56 65.31 women 736 2 97 39.36 11 70 15.32 2 97 3.09
5 Haley Adams US 23 170.18 63.5 women 736 7 82 41.41 3 94 13.56 8 79 3.16
6 Alexis Raptis US 25 165.1 70.3 women 698 14 61 43.53 26 28 17.13 19 46 3.3
7 Danielle Brandon US 28 170 68.03 women 639 10 73 42.13 37 6 18.26 4 91 3.13
8 Madeline Sturt AUS 27 159 64 women 638 13 64 43.32 2 97 13.43 22 37 3.31
9 Paige Semenza US 32 160.02 66.67 women 612 11 70 42.21 13 64 15.56 18 49 3.29
10 Alex Gazan US 22 167.64 68.03 women 599 38 4 49.14 9 76 15.2 3 94 3.11
11 Brooke Wells US 29 167.64 68.03 women 591 25 30 46.55 16 55 16.12 26 28 3.37
12 Claudia Gluck FRA 25 160 60 women 563 33 14 48.01 7 82 15.12 11 70 3.21
13 Aimee Cringle UK 25 167 71 women 538 21 40 45.43 10 73 15.26 10 73 3.2
14 Grace Walton AUS 23 164 70 women 507 5 88 40.58 17 52 16.19 1 100 3.03
15 Abigail Domit US 26 170.18 66.67 women 494 31 18 47.52 20 43 16.24 14 61 3.25
16 Emma Lawson CAN 19 165.1 63.5 women 493 23 34 46.04 21 40 16.3 9 76 3.17
17 Caroline Stanley US 24 160 65.77 women 487 27 26 47.21 15 58 16.09 17 52 3.28
18 Hattie Kanyo CAN 32 162.56 65.77 women 459 18 49 44.3 24 32 16.59 12 67 3.25
19 Linda Keesman NL 30 174 73 women 447 19 46 44.58 14 61 16.06 25 30 3.35
20 Chloe Gauvin CAN 32 170.18 66.22 women 425 24 32 46.51 27 26 17.3 35 10 4.03
21 Seher Kaya TUR 26 161 64 women 424 22 37 45.58 12 67 15.5 28 24 3.4
22 Kyra Milligan US 27 157.48 64.83 women 412 40 0 57.18 29 22 17.4 33 14 3.47
23 Shelby Neal US 24 157 68 women 410 26 28 47 28 24 17.37 16 55 3.26
24 Seungyeon Choi KOR 25 168 70.3 women 331 32 16 47.52 23 34 16.58 15 58 3.25
25 Emma Mcquaid IRL 34 165 67 women 322 34 12 48.04 19 46 16.22 29 22 3.4
26 Lexi Neely US 21 157 63.5 women 316 39 2 51.03 34 12 18.04 32 16 3.47
27 Daisy Mcdonald AUS 22 170 70 women 295 6 85 41.36 33 14 17.52 21 40 3.3
28 Andreia Pinheiro BRA 41 170 72 women 278 29 22 47.3 32 16 17.51 23 34 3.31
29 Georgia Pryer AUS 24 167 63 women 269 30 20 47.35 30 20 17.49 30 20 3.42
30 Julia Kato BRA 24 159 65 women 223 16 55 44.22 36 8 18.12 20 43 3.3
31 Arielle Lowen US 30 160 68.03 women 212 20 43 45.18 8 79 15.13 24 32 3.32
32 Jacqueline Dahlstrom NOR 32 167 67 women 187 15 58 44.02 22 37 16.36 27 26 3.39
33 Gemma Rader SA 32 160 68 women 182 17 52 44.29 25 30 17.06 34 12 3.54
34 Emma Tall SE 32 168 68 women 179 4 91 40.35 5 88 14.09 37 0 0
35 Dawon Jung KOR 29 170 65 women 159 36 8 48.45 31 18 17.5 31 18 3.47
36 Dani Speegle US 30 167 77.11 women 141 37 6 48.5 18 49 16.19 13 64 3.25
37 Karin Freyova SK 29 170 72 women 79 8 79 41.52 39 0 0 37 0 0
38 Laura Horvath HUN 27 170 70 women 76 9 76 41.57 39 0 0 37 0 0
39 Elisa Fulina ITA 28 157 61 women 42 28 24 47.3 35 10 18.1 36 8 4.27
40 Victoria Campos BRA 31 161 63.5 women 14 35 10 48.07 38 4 19.18 37 0 0
1 James Sprague US 22 187.96 95.25 men 806 7 82 39.26 7 82 15.05 4 91 02.42
2 Dallin Pepper US 22 182.88 97.52 men 785 15 58 40.44 3 94 14.26 2 97 2.37  
3 Brent Fikowski CAN 33 187.96 99.79 men 765 2 97 37.55 12 67 15.58 9 76 2.50
4 Jayson Hopper US 26 185.42 99.79 men 742 19 46 41.38 2 97 14.16 1 100 2.32   
5 Patrick Vellner CAN 34 180.34 88.45 men 742 33 14 46.38 1 100 14.14 3 94 2.41 
6 Samuel Kwant US 28 180.34 93.44 men 663 25 30 42.35 6 85 15.03 5 88 2.45 
7 Ricky Garard AUS 30 179.00 92.98 men 639 4 91 38.32 18 49 16.55 14 61 2.54 
8 Justin Medeiros US 25 175.26 88.45 men 639 11 70 40.00 4 91 14.27 26 28 3.12 
9 Roman Khrenikov RUS 28 182.00 103 men 601 3 94 38.10 11 70 15.53 8 79 2.50 
10 Austin Hatfield US 24 170.18 88.45 men 594 31 18 44.01 32 16 19.10 27 26 3.13 
11 Saxon Panchik US 28 175.26 83.91 men 592 6 85 38.50 14 61 16.31 28 24 3.14 
12 Jay Crouch AUS 25 175.00 88.00 men 550 13 64 40.18 10 73 15.49 12 67 2.53 
13 Travis Mayer US 33 180.34 92.53 men 545 16 55 40.47 23 34 17.24 15 58 2.55 
14 Henrik Haapalainen FIN 29 185.00 94.00 men 541 20 43 41.42 13 64 16.14 10 73 2.52 
15 Jelle Hoste BEL 29 190.00 100.00 men 530 1 100 36.50 9 76 15.31 17 52 2.57 
16 Karl Gudmunsson ICE 31 178 86.18 men 524 8 79 39.29 17 52 16.53 30 20 3.14 
17 Cole Greashaber US 24 182.88 96.16 men 523 30 20 43.21 8 79 15.08 11 70 2.52   
18 Aniol Ekai ESP 27 187.00 96.00 men 523 28 24 42.57 16 55 16.35 18 49 2.59 
19 Chris Ibarra US 24 172.72 89.81 men 516 9 76 39.32 15 58 16.34 23 34 3.06 
20 Calum Clements ESP 27 185.00 95.00 men 487 29 22 43.00 22 37 17.24 19 46 3.02 
21 Harry Lightfoot UK 25 173.00 90.00 men 477 24 32 42.32 20 43 17.07 7 82 2.49 
22 Alexandre Caron CAN 28 180.34 92.98 men 445 35 10 48.22 19 46 16.59 13 64 2.54 
23 Kalyan Souza BRA 23 184.00 97.00 men 422 23 34 42.27 5 88 14.48 16 55 2.57 
24 Cole Sager US 33 180.34 90.71 men 401 12 67 40.04 21 40 17.19 21 40 3.03 
25 Jack Rozema US 28 180.5 92.96 men 376 37 6 52.54 24 32 17.29 25 30 3.07 
26 Bruno Maris BRA 27 187.00 96.00 men 341 14 52 40.56 31 18 19.08 20 43 3.02 
27 Luke Parker US 30 180.34 92.98 men 330 14 61 40.19 27 26 17.56 22 37 3.03 
28 Bayley Martin NZ 30 174.00 82.00 men 308 36 8 51.04 26 28 17.45 24 32 3.07 
29 Ruan Potgieter SA 27 182.00 82.00 men 296 5 88 38.42 35 10 19.58 34 12 3.43 
30 Brandon Luckett US 29 182.88 90.71 men 294 10 73 39.51 33 14 19.45 6 85 2.49 
31 Peter Ellis AUS 22 175.00 83.00 men 200 26 28 42.35 25 30 17.32 29 22 3.14  
32 Arthur Semenov RUS 31 190.50 100.69 men 133 32 16 44.51 29 22 18.27 32 16 3.20 
33 Moritz Fiebig GER 29 179.00 95.00 men 97 22 37 42.00 28 24 18.05 31 18 3.17 
34 Luka Dukic SER 25 181.00 92.00 men 49 18 49 41.14 36 0 0 35 0 0  
35 Guilherme Malheiros BRA 24 177.00 88.00 men 46 34 12 47.27 30 20 18.50 33 14 3.30 
36 Jeffrey Adler US 30 175.26 89.35 men 40 21 40 41.48 36 0 0 35 0 0
